gaussianNoise_10_SNR: 13.594024641231488
gaussianNoise_30_SNR: 4.159262259209548
saltAndPepper_0_10_SNR: -2.0835823429062015
saltAndPepper_0_05_SNR: 0.9856653258933624
gaussianNoise_10_box_3x3_SNR: 17.72412998173026
gaussianNoise_30_box_3x3_SNR: 12.574054849298136
saltAndPepper_0_10_box_3x3_SNR: 6.363387813917939
saltAndPepper_0_05_box_3x3_SNR: 9.523208922634543
gaussianNoise_10_box_5x5_SNR: 14.858357902165139
gaussianNoise_30_box_5x5_SNR: 13.289843476208151
saltAndPepper_0_10_box_5x5_SNR: 8.555080562689087
saltAndPepper_0_05_box_5x5_SNR: 11.210709614801361
gaussianNoise_10_median_3x3_SNR: 17.66910090565832
gaussianNoise_30_median_3x3_SNR: 11.0647016381372
saltAndPepper_0_10_median_3x3_SNR: 14.985844355797797
saltAndPepper_0_05_median_3x3_SNR: 19.348618412646637
gaussianNoise_10_median_5x5_SNR: 16.004700039325424
gaussianNoise_30_median_5x5_SNR: 12.880656011496916
saltAndPepper_0_10_median_5x5_SNR: 15.722722775043893
saltAndPepper_0_05_median_5x5_SNR: 16.354964197740326
gaussianNoise_10_openingThenClosing_SNR: 13.253031300454417
gaussianNoise_30_openingThenClosing_SNR: 11.161689843646194
saltAndPepper_0_10_openingThenClosing_SNR: -2.1212230278157516
saltAndPepper_0_05_openingThenClosing_SNR: 5.874463790694686
gaussianNoise_10_closingThenOpening_SNR: 13.589406251972097
gaussianNoise_30_closingThenOpening_SNR: 11.1665088239341
saltAndPepper_0_10_closingThenOpening_SNR: -2.5929562659446974
saltAndPepper_0_05_closingThenOpening_SNR: 5.501016496313653
